

latent_semantics 0
21, -108852.32599166222
33, -116157.2578522469
32, -119837.11559744953
36, -120562.97562288931
30, -127985.09226426075
38, -128001.95267676194
28, -129264.24908397462
29, -129795.53796291538
16, -130293.12476636175
1, -131605.76613291755
34, -133420.32284168393
19, -134684.55439241332
25, -134913.216753592
27, -134985.50213774876
13, -135757.90749154292
12, -137283.95619631582
18, -137835.15219760346
2, -138161.75632705636
35, -138463.65507860563
39, -140123.5633422787
6, -140495.07371570976
5, -140664.2174899237
37, -140689.7378467624
8, -140865.56445031913
26, -140919.4978288597
20, -140939.97983921075
4, -141150.57148133466
11, -141240.50898827703
3, -141281.687375396
23, -141291.17001071203
10, -141732.40900771218
31, -142402.70635960274
24, -142687.6123503237
15, -142750.5735594584
9, -143444.1812661046
14, -143452.04577896348
22, -143885.03480008393
17, -146458.30410486355
0, -148750.31359230273
7, -151694.17137275523


latent_semantics 1
7, 5916.426115428391
23, 5735.721050390903
29, 5719.810740298124
34, 5650.379752594277
28, 5470.024485227296
36, 5431.1025745811585
9, 5009.776301277061
39, 4945.819878448227
33, 4441.490710008857
37, 4343.293634165634
35, 4214.3780552755
0, 4052.6405091360434
17, 3980.9763224486
38, 3933.263518705278
16, 3637.0527491094704
19, 3583.8012150286863
32, 3432.016907740715
10, 3040.026494159847
15, 2812.17878131046
8, 2805.706652586181
18, 2737.589772321733
6, 2631.1308001113134
13, 2609.3265702318968
30, 2503.4902551123914
21, 2391.8531413815
4, 2332.799560091433
3, 2194.599807263589
11, 1750.3508462884504
26, 1545.3296605717057
5, 1532.8276142621678
24, 1448.7686999239786
2, 1369.573504936521
14, 1325.7015173549105
1, 1176.8817301700128
27, 1102.5328696061945
12, 856.8729981333014
20, 221.53481791587987
31, 167.28919838981625
22, -10.02441439522703
25, -723.5992559909727


latent_semantics 2
14, -2955.74685126294
28, -4272.916070991053
32, -4465.077319839594
22, -4863.842250899656
38, -5117.975057115852
8, -5479.8442532921645
5, -5566.6844563070035
12, -5794.637759668809
29, -5817.615703176329
35, -6117.118820658113
3, -6181.398187632735
20, -6190.303363861829
19, -6514.837339495808
17, -6570.617983546783
21, -6799.668321071116
24, -6922.081948098901
30, -7049.965752188476
1, -7138.882787195955
4, -7260.1385870883705
23, -7448.6906430989475
6, -7554.297015067803
15, -7813.230308741083
33, -8460.10870837022
34, -8564.828372271986
2, -8706.189880598384
37, -8727.079401784513
31, -10104.671665798684
27, -10174.632451510332
18, -10193.210589244754
0, -10277.274805984152
39, -10281.232065372564
36, -10389.024752903904
25, -10581.952876013465
10, -10585.27780903397
7, -11451.350120630043
13, -11591.194442957321
9, -11714.396948031545
11, -11787.477715544495
26, -11915.083371688334
16, -12173.4103329857


latent_semantics 3
36, -587.2124321863635
33, -594.9340094921544
1, -758.0223788716427
30, -927.5667232809325
13, -1402.822097206052
5, -1430.805699974629
14, -1544.215215290184
15, -1684.8471626566372
12, -1770.878851210212
4, -1802.400766231708
16, -1865.475887881953
28, -1883.8593019588614
3, -1898.4052989928534
21, -1915.199070371907
19, -2057.307758210732
23, -2114.7942206208777
35, -2131.7716255271935
25, -2136.4510121376097
18, -2151.3254589451503
37, -2164.9318802974267
29, -2166.429258366032
6, -2283.362207577718
0, -2324.925934173586
31, -2349.100978115161
38, -2366.3602556071805
24, -2467.711490610985
34, -2536.617391172245
32, -2575.794088859246
20, -2721.3047320365736
26, -2736.7638757095574
10, -2739.3314456764438
39, -2889.692592017184
2, -2972.9779916236944
22, -3003.035277059463
27, -3035.9177362751525
11, -3225.213404362997
7, -3252.7531916798994
9, -3457.553727893777
8, -3547.507096308503
17, -3937.328992427898


latent_semantics 4
10, 5416.146833370459
7, 5044.934546874753
32, 4814.527358763182
38, 4548.048660799439
37, 4104.994454863339
28, 3941.629507925
27, 3849.0243699543353
8, 3778.413363957949
2, 3683.2703954242916
17, 3666.400387495523
9, 3610.8102719279073
6, 3499.5571363455806
14, 3388.6672610338996
19, 3345.6416063758606
29, 3089.3432712665253
39, 2943.7676747954197
22, 2886.531056379839
15, 2830.603109592116
34, 2812.181898071222
24, 2765.142364015392
23, 2749.521387278912
25, 2626.986368179612
18, 2512.32703428496
16, 2511.035555220503
21, 2472.2272979115437
3, 2418.669910452219
20, 2162.9173349925477
0, 2095.3968047820185
11, 2092.8562253636514
31, 2000.5855523368348
36, 1844.798833876424
5, 1825.336945930035
26, 1321.564000436345
4, 1256.0090361014563
12, 1199.0874202715443
35, 903.9437062923591
33, 786.4001625271569
13, 534.0663564324624
30, 390.77840899927565
1, -104.48005070094635
